Attempt at Fisher matrix with Smiths files - 22.12.2010
1/m_wdm Omega_m n_s A_s Gamma
 
Smith et al.:
8.8384e+07 6.0278e+07 3.1642e+07 132.32 2.6578e+08
6.0278e+07 5.5544e+07 3.0644e+07 119.32 2.4393e+08
3.1642e+07 3.0644e+07 1.8145e+07 66.594 1.3847e+08
132.32 119.32 66.594 0.00025896 529.72
2.6578e+08 2.4393e+08 1.3847e+08 529.72 1.0886e+09
 
Halo:
0 0 0 0 0
0 0 0 0 0
0 0 0 0 0
0 0 0 0 0
0 0 0 0 0
 
Planck:
0 0 0 0 0
0 4.4923e+06 1.8366e+05 0.010648 1.2654e+07
0 1.8366e+05 1.5302e+05 -0.0095357 5.1735e+05
0 0.010648 -0.0095357 4.7347e-09 0.029994
0 1.2654e+07 5.1735e+05 0.029994 3.5646e+07
 
 
fiducial values:
errors from halo:
Inf Inf Inf Inf Inf
 
errors from smith
0.00027964 0.0014179 0.0095066 6311.4 0.004195
 
errors from smith+planck
0 0.279 0.96 1.2733e+05 0.18324
+/-
0.00025533 0.0012166 0.0014953 431.69 0.00046769
