Starting at 17:33 on the 3.2.2010. - reading from Smiths files
m_wdm = 100000000
no.bins = 10and l_max = 10000.6907
invm omega_m ns As Gamma
NaN 1e-05 0.0001 10 1e-05
fisher matrices:
 
0.00030769
8.1316e+07 6.3031e+07 3.437e+07 138.01 2.8006e+08
6.3031e+07 5.6122e+07 3.1129e+07 120.53 2.468e+08
3.437e+07 3.1129e+07 1.8454e+07 67.617 1.4068e+08
138.01 120.53 67.617 0.0002615 535.74
2.8006e+08 2.468e+08 1.4068e+08 535.74 1.1024e+09
 
0.00033333
6.2418e+07 5.352e+07 2.8645e+07 117.42 2.37e+08
5.352e+07 5.6122e+07 3.1129e+07 120.53 2.468e+08
2.8645e+07 3.1129e+07 1.8454e+07 67.617 1.4068e+08
117.42 120.53 67.617 0.0002615 535.74
2.37e+08 2.468e+08 1.4068e+08 535.74 1.1024e+09
 
0.00036364
4.6606e+07 4.3544e+07 2.2621e+07 95.828 1.918e+08
4.3544e+07 5.6122e+07 3.1129e+07 120.53 2.468e+08
2.2621e+07 3.1129e+07 1.8454e+07 67.617 1.4068e+08
95.828 120.53 67.617 0.0002615 535.74
1.918e+08 2.468e+08 1.4068e+08 535.74 1.1024e+09
 
0.0004
3.4076e+07 3.2405e+07 1.585e+07 71.744 1.4127e+08
3.2405e+07 5.6122e+07 3.1129e+07 120.53 2.468e+08
1.585e+07 3.1129e+07 1.8454e+07 67.617 1.4068e+08
71.744 120.53 67.617 0.0002615 535.74
1.4127e+08 2.468e+08 1.4068e+08 535.74 1.1024e+09
 
0.00044444
2.6815e+07 2.0349e+07 8.468e+06 45.69 8.6486e+07
2.0349e+07 5.6122e+07 3.1129e+07 120.53 2.468e+08
8.468e+06 3.1129e+07 1.8454e+07 67.617 1.4068e+08
45.69 120.53 67.617 0.0002615 535.74
8.6486e+07 2.468e+08 1.4068e+08 535.74 1.1024e+09
 
0.0005
2.6318e+07 6.7646e+06 1.1554e+05 16.347 2.47e+07
6.7646e+06 5.6122e+07 3.1129e+07 120.53 2.468e+08
1.1554e+05 3.1129e+07 1.8454e+07 67.617 1.4068e+08
16.347 120.53 67.617 0.0002615 535.74
2.47e+07 2.468e+08 1.4068e+08 535.74 1.1024e+09
 
0.00057143
3.6786e+07 -8.9848e+06 -9.6525e+06 -17.651 -4.7081e+07
-8.9848e+06 5.6122e+07 3.1129e+07 120.53 2.468e+08
-9.6525e+06 3.1129e+07 1.8454e+07 67.617 1.4068e+08
-17.651 120.53 67.617 0.0002615 535.74
-4.7081e+07 2.468e+08 1.4068e+08 535.74 1.1024e+09
 
0.00066667
6.4359e+07 -2.7741e+07 -2.1344e+07 -58.135 -1.3269e+08
-2.7741e+07 5.6122e+07 3.1129e+07 120.53 2.468e+08
-2.1344e+07 3.1129e+07 1.8454e+07 67.617 1.4068e+08
-58.135 120.53 67.617 0.0002615 535.74
-1.3269e+08 2.468e+08 1.4068e+08 535.74 1.1024e+09
 
0.0008
1.2263e+08 -5.1331e+07 -3.612e+07 -109.06 -2.4052e+08
-5.1331e+07 5.6122e+07 3.1129e+07 120.53 2.468e+08
-3.612e+07 3.1129e+07 1.8454e+07 67.617 1.4068e+08
-109.06 120.53 67.617 0.0002615 535.74
-2.4052e+08 2.468e+08 1.4068e+08 535.74 1.1024e+09
 
0.001
2.3972e+08 -8.2799e+07 -5.5853e+07 -177.05 -3.845e+08
-8.2799e+07 5.6122e+07 3.1129e+07 120.53 2.468e+08
-5.5853e+07 3.1129e+07 1.8454e+07 67.617 1.4068e+08
-177.05 120.53 67.617 0.0002615 535.74
-3.845e+08 2.468e+08 1.4068e+08 535.74 1.1024e+09
 
0.0013333
4.7614e+08 -1.2737e+08 -8.3653e+07 -273.56 -5.8843e+08
-1.2737e+08 5.6122e+07 3.1129e+07 120.53 2.468e+08
-8.3653e+07 3.1129e+07 1.8454e+07 67.617 1.4068e+08
-273.56 120.53 67.617 0.0002615 535.74
-5.8843e+08 2.468e+08 1.4068e+08 535.74 1.1024e+09
 
