Starting at 13:53 on the 4.2.2010. - reading from Smiths files
m_wdm = 100000000
no.bins = 10 and l_max = 499.9539
invm omega_m ns As Gamma
NaN 1e-05 0.0001 10 1e-05
fisher matrices:
 
0.00030769
2.8019e+06 3.4098e+06 9.833e+05 6.102 1.1138e+07
3.4098e+06 5.4611e+06 1.3923e+06 9.6145 1.7143e+07
9.833e+05 1.3923e+06 3.8886e+05 2.4937 4.5383e+06
6.102 9.6145 2.4937 1.7054e-05 30.491
1.1138e+07 1.7143e+07 4.5383e+06 30.491 5.4798e+07
 
0.00033333
2.3347e+06 3.113e+06 8.9761e+05 5.5705 1.0168e+07
3.113e+06 5.4611e+06 1.3923e+06 9.6145 1.7143e+07
8.9761e+05 1.3923e+06 3.8886e+05 2.4937 4.5383e+06
5.5705 9.6145 2.4937 1.7054e-05 30.491
1.0168e+07 1.7143e+07 4.5383e+06 30.491 5.4798e+07
 
0.00036364
1.9021e+06 2.8105e+06 8.1025e+05 5.0287 9.1787e+06
2.8105e+06 5.4611e+06 1.3923e+06 9.6145 1.7143e+07
8.1025e+05 1.3923e+06 3.8886e+05 2.4937 4.5383e+06
5.0287 9.6145 2.4937 1.7054e-05 30.491
9.1787e+06 1.7143e+07 4.5383e+06 30.491 5.4798e+07
 
0.0004
1.5003e+06 2.4975e+06 7.198e+05 4.4681 8.155e+06
2.4975e+06 5.4611e+06 1.3923e+06 9.6145 1.7143e+07
7.198e+05 1.3923e+06 3.8886e+05 2.4937 4.5383e+06
4.4681 9.6145 2.4937 1.7054e-05 30.491
8.155e+06 1.7143e+07 4.5383e+06 30.491 5.4798e+07
 
0.00044444
1.1399e+06 2.1782e+06 6.2754e+05 3.8961 7.1108e+06
2.1782e+06 5.4611e+06 1.3923e+06 9.6145 1.7143e+07
6.2754e+05 1.3923e+06 3.8886e+05 2.4937 4.5383e+06
3.8961 9.6145 2.4937 1.7054e-05 30.491
7.1108e+06 1.7143e+07 4.5383e+06 30.491 5.4798e+07
 
0.0005
8.1297e+05 1.8416e+06 5.3019e+05 3.2929 6.0094e+06
1.8416e+06 5.4611e+06 1.3923e+06 9.6145 1.7143e+07
5.3019e+05 1.3923e+06 3.8886e+05 2.4937 4.5383e+06
3.2929 9.6145 2.4937 1.7054e-05 30.491
6.0094e+06 1.7143e+07 4.5383e+06 30.491 5.4798e+07
 
0.00057143
5.274e+05 1.4858e+06 4.2728e+05 2.6552 4.845e+06
1.4858e+06 5.4611e+06 1.3923e+06 9.6145 1.7143e+07
4.2728e+05 1.3923e+06 3.8886e+05 2.4937 4.5383e+06
2.6552 9.6145 2.4937 1.7054e-05 30.491
4.845e+06 1.7143e+07 4.5383e+06 30.491 5.4798e+07
 
0.00066667
2.8581e+05 1.0971e+06 3.1476e+05 1.9582 3.5723e+06
1.0971e+06 5.4611e+06 1.3923e+06 9.6145 1.7143e+07
3.1476e+05 1.3923e+06 3.8886e+05 2.4937 4.5383e+06
1.9582 9.6145 2.4937 1.7054e-05 30.491
3.5723e+06 1.7143e+07 4.5383e+06 30.491 5.4798e+07
 
0.0008
99990 6.5245e+05 1.8595e+05 1.1606 2.1158e+06
6.5245e+05 5.4611e+06 1.3923e+06 9.6145 1.7143e+07
1.8595e+05 1.3923e+06 3.8886e+05 2.4937 4.5383e+06
1.1606 9.6145 2.4937 1.7054e-05 30.491
2.1158e+06 1.7143e+07 4.5383e+06 30.491 5.4798e+07
 
0.001
4411.7 1.0388e+05 26906 0.17605 3.1752e+05
1.0388e+05 5.4611e+06 1.3923e+06 9.6145 1.7143e+07
26906 1.3923e+06 3.8886e+05 2.4937 4.5383e+06
0.17605 9.6145 2.4937 1.7054e-05 30.491
3.1752e+05 1.7143e+07 4.5383e+06 30.491 5.4798e+07
 
0.0013333
1.1966e+05 -6.6616e+05 -1.9646e+05 -1.2069 -2.2083e+06
-6.6616e+05 5.4611e+06 1.3923e+06 9.6145 1.7143e+07
-1.9646e+05 1.3923e+06 3.8886e+05 2.4937 4.5383e+06
-1.2069 9.6145 2.4937 1.7054e-05 30.491
-2.2083e+06 1.7143e+07 4.5383e+06 30.491 5.4798e+07
 
