Starting at 18:14 on the 9.6.2010.
m_wdm = 100000000
no.bins = 10
invm omega_m ns As Gamma
NaN 1e-05 1e-05 10 1e-05
fisher matrices:
 
0.02
9.3434e+08 -2.0051e+08 -9.6241e+07 -423.65 -8.725e+08
-2.0051e+08 4.3273e+07 2.0609e+07 90.867 1.8705e+08
-9.6241e+07 2.0609e+07 1.0272e+07 44.04 9.1366e+07
-423.65 90.867 44.04 0.00019301 398.01
-8.725e+08 1.8705e+08 9.1366e+07 398.01 8.2214e+08
 
0.015695
1.5172e+09 -2.555e+08 -1.2264e+08 -539.85 -1.1118e+09
-2.555e+08 4.3273e+07 2.0609e+07 90.867 1.8705e+08
-1.2264e+08 2.0609e+07 1.0272e+07 44.04 9.1366e+07
-539.85 90.867 44.04 0.00019301 398.01
-1.1118e+09 1.8705e+08 9.1366e+07 398.01 8.2214e+08
 
0.012317
2.0967e+09 -2.9459e+08 -1.4439e+08 -629.11 -1.2992e+09
-2.9459e+08 4.3273e+07 2.0609e+07 90.867 1.8705e+08
-1.4439e+08 2.0609e+07 1.0272e+07 44.04 9.1366e+07
-629.11 90.867 44.04 0.00019301 398.01
-1.2992e+09 1.8705e+08 9.1366e+07 398.01 8.2214e+08
 
0.0096659
1.7311e+09 -2.46e+08 -1.2662e+08 -536.18 -1.1155e+09
-2.46e+08 4.3273e+07 2.0609e+07 90.867 1.8705e+08
-1.2662e+08 2.0609e+07 1.0272e+07 44.04 9.1366e+07
-536.18 90.867 44.04 0.00019301 398.01
-1.1155e+09 1.8705e+08 9.1366e+07 398.01 8.2214e+08
 
0.0075854
1.1124e+09 -1.838e+08 -9.7034e+07 -399.81 -8.3741e+08
-1.838e+08 4.3273e+07 2.0609e+07 90.867 1.8705e+08
-9.7034e+07 2.0609e+07 1.0272e+07 44.04 9.1366e+07
-399.81 90.867 44.04 0.00019301 398.01
-8.3741e+08 1.8705e+08 9.1366e+07 398.01 8.2214e+08
 
0.0059527
6.899e+08 -1.4157e+08 -7.4757e+07 -303.97 -6.3873e+08
-1.4157e+08 4.3273e+07 2.0609e+07 90.867 1.8705e+08
-7.4757e+07 2.0609e+07 1.0272e+07 44.04 9.1366e+07
-303.97 90.867 44.04 0.00019301 398.01
-6.3873e+08 1.8705e+08 9.1366e+07 398.01 8.2214e+08
 
0.0046714
4.0452e+08 -1.0921e+08 -5.7505e+07 -233.19 -4.9045e+08
-1.0921e+08 4.3273e+07 2.0609e+07 90.867 1.8705e+08
-5.7505e+07 2.0609e+07 1.0272e+07 44.04 9.1366e+07
-233.19 90.867 44.04 0.00019301 398.01
-4.9045e+08 1.8705e+08 9.1366e+07 398.01 8.2214e+08
 
0.003666
2.179e+08 -8.2252e+07 -4.3215e+07 -176.01 -3.6986e+08
-8.2252e+07 4.3273e+07 2.0609e+07 90.867 1.8705e+08
-4.3215e+07 2.0609e+07 1.0272e+07 44.04 9.1366e+07
-176.01 90.867 44.04 0.00019301 398.01
-3.6986e+08 1.8705e+08 9.1366e+07 398.01 8.2214e+08
 
0.0028769
1.0928e+08 -5.941e+07 -3.1168e+07 -127.44 -2.6756e+08
-5.941e+07 4.3273e+07 2.0609e+07 90.867 1.8705e+08
-3.1168e+07 2.0609e+07 1.0272e+07 44.04 9.1366e+07
-127.44 90.867 44.04 0.00019301 398.01
-2.6756e+08 1.8705e+08 9.1366e+07 398.01 8.2214e+08
 
0.0022577
5.3202e+07 -4.1872e+07 -2.1944e+07 -89.919 -1.8869e+08
-4.1872e+07 4.3273e+07 2.0609e+07 90.867 1.8705e+08
-2.1944e+07 2.0609e+07 1.0272e+07 44.04 9.1366e+07
-89.919 90.867 44.04 0.00019301 398.01
-1.8869e+08 1.8705e+08 9.1366e+07 398.01 8.2214e+08
 
0.0017717
2.5716e+07 -2.9252e+07 -1.532e+07 -62.841 -1.3183e+08
-2.9252e+07 4.3273e+07 2.0609e+07 90.867 1.8705e+08
-1.532e+07 2.0609e+07 1.0272e+07 44.04 9.1366e+07
-62.841 90.867 44.04 0.00019301 398.01
-1.3183e+08 1.8705e+08 9.1366e+07 398.01 8.2214e+08
 
0.0013904
1.2427e+07 -2.0382e+07 -1.067e+07 -43.792 -9.1859e+07
-2.0382e+07 4.3273e+07 2.0609e+07 90.867 1.8705e+08
-1.067e+07 2.0609e+07 1.0272e+07 44.04 9.1366e+07
-43.792 90.867 44.04 0.00019301 398.01
-9.1859e+07 1.8705e+08 9.1366e+07 398.01 8.2214e+08
 
0.0010911
6.0196e+06 -1.4204e+07 -7.434e+06 -30.518 -6.4011e+07
-1.4204e+07 4.3273e+07 2.0609e+07 90.867 1.8705e+08
-7.434e+06 2.0609e+07 1.0272e+07 44.04 9.1366e+07
-30.518 90.867 44.04 0.00019301 398.01
-6.4011e+07 1.8705e+08 9.1366e+07 398.01 8.2214e+08
 
0.00085627
2.9218e+06 -9.9036e+06 -5.182e+06 -21.277 -4.4626e+07
-9.9036e+06 4.3273e+07 2.0609e+07 90.867 1.8705e+08
-5.182e+06 2.0609e+07 1.0272e+07 44.04 9.1366e+07
-21.277 90.867 44.04 0.00019301 398.01
-4.4626e+07 1.8705e+08 9.1366e+07 398.01 8.2214e+08
 
0.00067196
1.4201e+06 -6.908e+06 -3.6141e+06 -14.841 -3.1126e+07
-6.908e+06 4.3273e+07 2.0609e+07 90.867 1.8705e+08
-3.6141e+06 2.0609e+07 1.0272e+07 44.04 9.1366e+07
-14.841 90.867 44.04 0.00019301 398.01
-3.1126e+07 1.8705e+08 9.1366e+07 398.01 8.2214e+08
 
0.00052733
6.9084e+05 -4.8195e+06 -2.5213e+06 -10.354 -2.1716e+07
-4.8195e+06 4.3273e+07 2.0609e+07 90.867 1.8705e+08
-2.5213e+06 2.0609e+07 1.0272e+07 44.04 9.1366e+07
-10.354 90.867 44.04 0.00019301 398.01
-2.1716e+07 1.8705e+08 9.1366e+07 398.01 8.2214e+08
 
0.00041383
3.3586e+05 -3.3607e+06 -1.758e+06 -7.2199 -1.5142e+07
-3.3607e+06 4.3273e+07 2.0609e+07 90.867 1.8705e+08
-1.758e+06 2.0609e+07 1.0272e+07 44.04 9.1366e+07
-7.2199 90.867 44.04 0.00019301 398.01
-1.5142e+07 1.8705e+08 9.1366e+07 398.01 8.2214e+08
 
0.00032476
1.6333e+05 -2.3437e+06 -1.226e+06 -5.0351 -1.056e+07
-2.3437e+06 4.3273e+07 2.0609e+07 90.867 1.8705e+08
-1.226e+06 2.0609e+07 1.0272e+07 44.04 9.1366e+07
-5.0351 90.867 44.04 0.00019301 398.01
-1.056e+07 1.8705e+08 9.1366e+07 398.01 8.2214e+08
 
0.00025485
79444 -1.6346e+06 -8.5507e+05 -3.5116 -7.3648e+06
-1.6346e+06 4.3273e+07 2.0609e+07 90.867 1.8705e+08
-8.5507e+05 2.0609e+07 1.0272e+07 44.04 9.1366e+07
-3.5116 90.867 44.04 0.00019301 398.01
-7.3648e+06 1.8705e+08 9.1366e+07 398.01 8.2214e+08
 
0.0002
38646 -1.1401e+06 -5.9639e+05 -2.4493 -5.1367e+06
-1.1401e+06 4.3273e+07 2.0609e+07 90.867 1.8705e+08
-5.9639e+05 2.0609e+07 1.0272e+07 44.04 9.1366e+07
-2.4493 90.867 44.04 0.00019301 398.01
-5.1367e+06 1.8705e+08 9.1366e+07 398.01 8.2214e+08
 
