Starting at 15:17 on the 13.7.2010.
m_wdm = 100000000
no.bins = 10
invm omega_m ns As Gamma
NaN 5e-05 0.0005 50 5e-05
fisher matrices:
 
-   h a l o :
0.0004
5.3163e+07 -3.7408e+07 -2.0716e+07 -71.413 -1.5579e+08
-3.7408e+07 4.8167e+07 2.4108e+07 95.172 2.0029e+08
-2.0716e+07 2.4108e+07 1.2438e+07 48.243 1.0204e+08
-71.413 95.172 48.243 0.00019222 403.68
-1.5579e+08 2.0029e+08 1.0204e+08 403.68 8.4946e+08
 
-   h a l o :
0.0008
1.0539e+08 -5.714e+07 -3.0905e+07 -109.02 -2.3623e+08
-5.714e+07 4.8167e+07 2.4108e+07 95.172 2.0029e+08
-3.0905e+07 2.4108e+07 1.2438e+07 48.243 1.0204e+08
-109.02 95.172 48.243 0.00019222 403.68
-2.3623e+08 2.0029e+08 1.0204e+08 403.68 8.4946e+08
 
-   h a l o :
0.0012
2.2965e+08 -8.3728e+07 -4.4913e+07 -161.91 -3.4855e+08
-8.3728e+07 4.8167e+07 2.4108e+07 95.172 2.0029e+08
-4.4913e+07 2.4108e+07 1.2438e+07 48.243 1.0204e+08
-161.91 95.172 48.243 0.00019222 403.68
-3.4855e+08 2.0029e+08 1.0204e+08 403.68 8.4946e+08
 
-   h a l o :
0.0016
6.0198e+08 -1.2385e+08 -6.622e+07 -245.28 -5.238e+08
-1.2385e+08 4.8167e+07 2.4108e+07 95.172 2.0029e+08
-6.622e+07 2.4108e+07 1.2438e+07 48.243 1.0204e+08
-245.28 95.172 48.243 0.00019222 403.68
-5.238e+08 2.0029e+08 1.0204e+08 403.68 8.4946e+08
 
