Starting at 19:4 on the 1.6.2010.
m_wdm = 100000000
no.bins = 10
invm omega_m ns As Gamma
NaN 1e-05 1e-05 10 1e-05
fisher matrices:
 
-   h a l o :
0.00056993
6.9412e+07 -4.4887e+07 -2.4527e+07 -85.578 -1.8603e+08
-4.4887e+07 4.8121e+07 2.4106e+07 95.13 2.0023e+08
-2.4527e+07 2.4106e+07 1.2447e+07 48.261 1.021e+08
-85.578 95.13 48.261 0.00019222 403.73
-1.8603e+08 2.0023e+08 1.021e+08 403.73 8.4965e+08
 
-   h a l o :
0.00115
2.1893e+08 -8.0987e+07 -4.3493e+07 -156.75 -3.3746e+08
-8.0987e+07 4.8121e+07 2.4106e+07 95.13 2.0023e+08
-4.3493e+07 2.4106e+07 1.2447e+07 48.261 1.021e+08
-156.75 95.13 48.261 0.00019222 403.73
-3.3746e+08 2.0023e+08 1.021e+08 403.73 8.4965e+08
 
