Final Fisher matrices - 16.06.2010
1/m_wdm Omega_m n_s A_s Gamma
 
Smith et al.:
2.1621e+08 -7.9156e+07 -5.0613e+07 -166.9 -3.7073e+08
-7.9156e+07 5.0238e+07 2.6468e+07 104.52 2.2095e+08
-5.0613e+07 2.6468e+07 1.5019e+07 55.822 1.1999e+08
-166.9 104.52 55.822 0.00021982 465.17
-3.7073e+08 2.2095e+08 1.1999e+08 465.17 9.8853e+08
 
Halo:
8.17e+07 -4.9425e+07 -2.6888e+07 -94.23 -2.0457e+08
-4.9425e+07 4.8121e+07 2.4106e+07 95.13 2.0023e+08
-2.6888e+07 2.4106e+07 1.2447e+07 48.261 1.021e+08
-94.23 95.13 48.261 0.00019222 403.73
-2.0457e+08 2.0023e+08 1.021e+08 403.73 8.4965e+08
 
Planck:
0 0 0 0 0
0 4.4923e+06 1.8366e+05 2.334e-11 1.2654e+07
0 1.8366e+05 1.5302e+05 -2.0902e-11 5.1735e+05
0 2.334e-11 -2.0902e-11 2.2749e-26 6.5745e-11
0 1.2654e+07 5.1735e+05 6.5745e-11 3.5646e+07
